7 00 0 -7 00 0
-0.4689503 0 False
-7 00 0 7 00 0
0 0 False
7 00 -5 -7 00 0
-0.4163361 0 False
-7 00 0 7 00 -5
0 0 False
7 -0.1039240 -5.1962 -7 00 0
-0.3694553 0 False
-7 00 0 7 -0.1039240 -5.1962
0 0 False
7 -0.1039240 -5.2162 -7 00 0
-0.3465385 0 False
-7 00 0 7 -0.1039240 -5.2162
0 0 False
7 -0.1039240 -5.223883 -7 00 0
-0.328474 0 False
-7 00 0 7 -0.1039240 -5.223883
0 0 False
7 -0.20459470 -5.033534 -7 00 0
-0.3114452 0 False
-7 00 0 7 -0.20459470 -5.033534
0 0 False
7 -0.20459470 -5.039177 -7 00 0
-0.29916 0 False
-7 00 0 7 -0.20459470 -5.039177
0 0 False
7 -0.20459470 -5.04341 -7 00 0
-0.2809639 0 False
-7 00 0 7 -0.20459470 -5.04341
0 0 False
7 -0.30166020 -4.853277 -7 00 0
-0.2588997 0 False
-7 00 0 7 -0.30166020 -4.853277
0 0 False
7 -0.30166020 -4.860466 -7 00 0
-0.2402744 0 False
-7 00 0 7 -0.30166020 -4.860466
0 0 False
7 -0.30166020 -4.866899 -7 00 0
-0.2222843 0 False
-7 00 0 7 -0.30166020 -4.866899
0 0 False
7 -0.39519420 -4.676702 -7 00 0
-0.2028065 0 False
-7 00 0 7 -0.39519420 -4.676702
0 0 False
7 -0.39519420 -4.683026 -7 00 0
-0.186224 0 False
-7 00 0 7 -0.39519420 -4.683026
0 0 False
7 -0.39519420 -4.688727 -7 00 0
-0.1683426 0 False
-7 00 0 7 -0.39519420 -4.688727
0 0 False
7 -0.39519420 -4.694687 -7 00 0
-0.149929 0 False
-7 00 0 7 -0.39519420 -4.694687
0 0 False
7 -0.4852860 -4.504587 -7 00 0
-0.1320362 0 False
-7 00 0 7 -0.4852860 -4.504587
0 0 False
7 -0.4852860 -4.510548 -7 00 0
-0.1141319 0 False
-7 00 0 7 -0.4852860 -4.510548
0 0 False
7 -0.4852860 -4.516547 -7 00 0
-0.09627342 0 False
-7 00 0 7 -0.4852860 -4.516547
0 0 False
7 -0.57181220 -4.326308 -7 00 0
-0.07897568 0 False
-7 00 0 7 -0.57181220 -4.326308
0 0 False
7 -0.57181220 -4.332042 -7 00 0
-0.05787277 0 False
-7 00 0 7 -0.57181220 -4.332042
0 0 False
7 -0.57181220 -4.338679 -7 00 0
-0.03073883 0 False
-7 00 0 7 -0.57181220 -4.338679
0 0 False
7 -0.65484810 -4.151798 -7 00 0
-0.005298615 0 False
-7 00 0 7 -0.65484810 -4.151798
0 0 False
7 -0.65484810 -4.151798 -7 00 0
0 0 False
-7 00 0 7 -0.65484810 -4.151798
0 0 False
7 -0.65484810 -4.151798 -7 00 0
0 0 False
-7 00 0 7 -0.65484810 -4.151798
0 0 False
7 -0.733960 -3.955598 -7 00 0
0 0 False
-7 00 0 7 -0.733960 -3.955598
0 0 False
7 -0.733960 -3.955598 -7 00 0
0 0 False
-7 00 0 7 -0.733960 -3.955598
0 0 False
7 -0.733960 -3.955598 -7 00 0
0 0 False
-7 00 0 7 -0.733960 -3.955598
0 0 False
7 -0.8091480 -3.759398 -7 00 0
0 0 False
-7 00 0 7 -0.8091480 -3.759398
0 0 False
7 -0.8091480 -3.759398 -7 00 0
0 0 False
-7 00 0 7 -0.8091480 -3.759398
0 0 False
7 -0.8091480 -3.759398 -7 00 0
0 0 False
-7 00 0 7 -0.8091480 -3.759398
0 0 False
7 -0.8091480 -3.759398 -7 00 0
0 0 False
-7 00 0 7 -0.8091480 -3.759398
0 0 False
7 -0.8804120 -3.563198 -7 00 0
0 0 False
-7 00 0 7 -0.8804120 -3.563198
0 0 False
7 -0.8804120 -3.563198 -7 00 0
0 0 False
-7 00 0 7 -0.8804120 -3.563198
0 0 False
7 -0.8804120 -3.563198 -7 00 0
0 0 False
-7 00 0 7 -0.8804120 -3.563198
0 0 False
7 -0.94775190 -3.366998 -7 00 0
0 0 False
-7 00 0 7 -0.94775190 -3.366998
0 0 False
7 -0.94775190 -3.366998 -7 00 0
0 0 False
-7 00 0 7 -0.94775190 -3.366998
0 0 False
7 -0.94775190 -3.366998 -7 00 0
0 0 False
-7 00 0 7 -0.94775190 -3.366998
0 0 False
7 -1.0111680 -3.170798 -7 00 0
0 0 False
-7 00 0 7 -1.0111680 -3.170798
0 0 False
7 -1.0111680 -3.170798 -7 00 0
0 0 False
-7 00 0 7 -1.0111680 -3.170798
0 0 False
7 -1.0111680 -3.170798 -7 00 0
0 0 False
-7 00 0 7 -1.0111680 -3.170798
0 0 False
7 -1.0111680 -3.170798 -7 00 0
0 0 False
-7 00 0 7 -1.0111680 -3.170798
0 0 False
7 -1.070660 -2.974598 -7 00 0
0 0 False
-7 00 0 7 -1.070660 -2.974598
0 0 False
7 -1.070660 -2.974598 -7 00 0
0 0 False
-7 00 0 7 -1.070660 -2.974598
0 0 False
7 -1.070660 -2.974598 -7 00 0
0 0 False
-7 00 0 7 -1.070660 -2.974598
0 0 False
7 -1.1262280 -2.778399 -7 00 0
0 0 False
-7 00 0 7 -1.1262280 -2.778399
0 0 False
7 -1.1262280 -2.778399 -7 00 0
0 0 False
-7 00 0 7 -1.1262280 -2.778399
0 0 False
7 -1.1262280 -2.778399 -7 00 0
0 0 False
-7 00 0 7 -1.1262280 -2.778399
0 0 False
7 -1.1262280 -2.778399 -7 00 0
0 0 False
-7 00 0 7 -1.1262280 -2.778399
0 0 False
7 -1.1778720 -2.582199 -7 00 0
0 0 False
-7 00 0 7 -1.1778720 -2.582199
0 0 False
7 -1.1778720 -2.582199 -7 00 0
0 0 False
-7 00 0 7 -1.1778720 -2.582199
0 0 False
7 -1.1778720 -2.582199 -7 00 0
0 0 False
-7 00 0 7 -1.1778720 -2.582199
0 0 False
7 -1.2255920 -2.385999 -7 00 0
0 0 False
-7 00 0 7 -1.2255920 -2.385999
0 0 False
7 -1.2255920 -2.385999 -7 00 0
0 0 False
-7 00 0 7 -1.2255920 -2.385999
0 0 False
7 -1.2255920 -2.385999 -7 00 0
0 0 False
-7 00 0 7 -1.2255920 -2.385999
0 0 False
7 -1.2693880 -2.189799 -7 00 0
0 0 False
-7 00 0 7 -1.2693880 -2.189799
0 0 False
7 -1.2693880 -2.189799 -7 00 0
0 0 False
-7 00 0 7 -1.2693880 -2.189799
0 0 False
7 -1.2693880 -2.189799 -7 00 0
0.002589104 0.004530932 False
-7 00 0 7 -1.2693880 -2.189799
0 0 False
7 -1.309260 -1.993599 -7 00 0
0.002589104 0.004530932 False
-7 00 0 7 -1.309260 -1.993599
0 0 False
7 -1.309260 -1.993599 -7 00 0
0.002589104 0.004530932 False
-7 00 0 7 -1.309260 -1.993599
0 0 False
7 -1.309260 -1.993599 -7 00 0
0.06705307 0.1005796 False
-7 00 0 7 -1.309260 -1.993599
0 0 False
7.00036 -1.3452080.0179845 -1.797399 -7 00 0
0.06705307 0.1005796 False
-7 00 0 7.00036 -1.3452080.0179845 -1.797399
0 0 False
7.00036 -1.3452080.03618454 -1.797399 -7 00 0
0.06705307 0.1005796 False
-7 00 0 7.00036 -1.3452080.03618454 -1.797399
0 0 False
7.00036 -1.3452080.05408283 -1.797399 -7 00 0
0.1363377 0.1979096 False
-7 00 0 7.00036 -1.3452080.05408283 -1.797399
0 0 False
7.001802 -1.3772320.07212029 -1.601199 -7 00 0
0.1363377 0.1979096 False
-7 00 0 7.001802 -1.3772320.07212029 -1.601199
0 0 False
7.001802 -1.3772320.09295605 -1.601199 -7 00 0
0.1363377 0.1979096 False
-7 00 0 7.001802 -1.3772320.09295605 -1.601199
0 0 False
7.001802 -1.3772320.1089391 -1.601199 -7 00 0
0.2022536 0.2767681 False
-7 00 0 7.001802 -1.3772320.1089391 -1.601199
0 0 False
7.001802 -1.3772320.1276441 -1.601199 -7 00 0
0.2022536 0.2767681 False
-7 00 0 7.001802 -1.3772320.1276441 -1.601199
0 0 False
7.004701 -1.4053320.1449291 -1.404999 -7 00 0
0.2022536 0.2767681 False
-7 00 0 7.004701 -1.4053320.1449291 -1.404999
0 0 False
7.004701 -1.4053320.162868 -1.404999 -7 00 0
0.2800997 0.3653474 False
-7 00 0 7.004701 -1.4053320.162868 -1.404999
0 0 False
7.004701 -1.4053320.1815435 -1.404999 -7 00 0
0.3696535 0.7023417 False
-7 00 0 7.004701 -1.4053320.1815435 -1.404999
0 0 False
7.008691 -1.4295080.1995218 -1.208799 -7 00 0
0.3696535 0.7023417 False
-7 00 0 7.008691 -1.4295080.1995218 -1.208799
0 0 False
7.008691 -1.4295080.2166983 -1.208799 -7 00 0
0.3696535 0.7023417 False
-7 00 0 7.008691 -1.4295080.2166983 -1.208799
0 0 False
7.008691 -1.4295080.234769 -1.208799 -7 00 0
0.4142539 0.7381251 False
-7 00 0 7.008691 -1.4295080.234769 -1.208799
0 0 False
7.01375 -1.449760.2529112 -1.012599 -7 00 0
0.4142539 0.7381251 False
-7 00 0 7.01375 -1.449760.2529112 -1.012599
0 0 False
7.01375 -1.449760.2710041 -1.012599 -7 00 0
0.4142539 0.7381251 False
-7 00 0 7.01375 -1.449760.2710041 -1.012599
0 0 False
7.01375 -1.449760.2887201 -1.012599 -7 00 0
0.7334139 0.8220684 False
-7 00 0 7.01375 -1.449760.2887201 -1.012599
0 0 False
7.01375 -1.449760.3070593 -1.012599 -7 00 0
0.7334139 0.8220684 False
-7 00 0 7.01375 -1.449760.3070593 -1.012599
0 0 False
7.020262 -1.4660880.3256153 -0.8163987 -7 00 0
0.7334139 0.8220684 False
-7 00 0 7.020262 -1.4660880.3256153 -0.8163987
0 0 False
7.020262 -1.4660880.3426884 -0.8163987 -7 00 0
0.7701308 0.8268772 False
-7 00 0 7.020262 -1.4660880.3426884 -0.8163987
0 0 False
7.020262 -1.4660880.3609488 -0.8163987 -7 00 0
0.7701308 0.8268772 False
-7 00 0 7.020262 -1.4660880.3609488 -0.8163987
0 0 False
7.027849 -1.4784920.3793496 -0.6201987 -7 00 0
0.7701308 0.8268772 False
-7 00 0 7.027849 -1.4784920.3793496 -0.6201987
0 0 False
7.027849 -1.4784920.3968611 -0.6201987 -7 00 0
0.78382 0.7919006 False
-7 00 0 7.027849 -1.4784920.3968611 -0.6201987
0 0 False
7.027849 -1.4784920.4147348 -0.6201987 -7 00 0
0.78382 0.7919006 False
-7 00 0 7.027849 -1.4784920.4147348 -0.6201987
0 0 False
7.036537 -1.4869710.4343869 -0.4239987 -7 00 0
0.78382 0.7919006 False
-7 00 0 7.036537 -1.4869710.4343869 -0.4239987
0 0 False
7.036537 -1.4869710.4508183 -0.4239987 -7 00 0
1 0.4449278 False
-7 00 0 7.036537 -1.4869710.4508183 -0.4239987
0 0 False
7.036537 -1.4869710.468586 -0.4239987 -7 00 0
1 0.4449278 False
-7 00 0 7.036537 -1.4869710.468586 -0.4239987
0 0 False
7.036537 -1.4869710.486706 -0.4239987 -7 00 0
1 0.4449278 False
-7 00 0 7.036537 -1.4869710.486706 -0.4239987
0 0 False
7.046637 -1.4915270.5050009 -0.2277987 -7 00 0
1 0.03937743 False
-7 00 0 7.046637 -1.4915270.5050009 -0.2277987
0 0 False
7.046637 -1.4915270.5227883 -0.2277987 -7 00 0
1 0.03937743 False
-7 00 0 7.046637 -1.4915270.5227883 -0.2277987
0 0 False
7.046637 -1.4915270.5441451 -0.2277987 -7 00 0
1 -0.1174518 False
-7 00 0 7.046637 -1.4915270.5441451 -0.2277987
0 0 False
7.056116 -1.4921590.4739413 -0.03159872 -7 00 0
1 -0.1174518 False
-7 00 0 7.056116 -1.4921590.4739413 -0.03159872
0 0 False
7.056116 -1.4921590.3988453 -0.03159872 -7 00 0
1 -0.1174518 False
-7 00 0 7.056116 -1.4921590.3988453 -0.03159872
0 0 False
7.056116 -1.4921590.3294987 -0.03159872 -7 00 0
1 -0.2444535 False
-7 00 0 7.056116 -1.4921590.3294987 -0.03159872
0 0 False
7.061258 -1.4888670.2571075 0.1646013 -7 00 0
1 -0.2444535 False
-7 00 0 7.061258 -1.4888670.2571075 0.1646013
0 0 False
7.061258 -1.4888670.1855389 0.1646013 -7 00 0
1 -0.2444535 False
-7 00 0 7.061258 -1.4888670.1855389 0.1646013
0 0 False
7.061258 -1.4888670.1130984 0.1646013 -7 00 0
1 -0.3417642 False
-7 00 0 7.061258 -1.4888670.1130984 0.1646013
0 0 False
7.061258 -1.4888670.04116043 0.1646013 -7 00 0
1 -0.3417642 False
-7 00 0 7.061258 -1.4888670.04116043 0.1646013
0 0 False
7.060654 -1.481651-0.03018638 0.3608013 -7 00 0
1 -0.3417642 False
-7 00 0 7.060654 -1.481651-0.03018638 0.3608013
0 0 False
7.060654 -1.481651-0.04814009 0.3608013 -7 00 0
0.8530018 -0.4001113 False
-7 00 0 7.060654 -1.481651-0.04814009 0.3608013
0 0 False
7.060654 -1.481651-0.06676505 0.3608013 -7 00 0
0.8530018 -0.4001113 False
-7 00 0 7.060654 -1.481651-0.06676505 0.3608013
0 0 False
7.058965 -1.470511-0.08448351 0.5570013 -7 00 0
0.8530018 -0.4001113 False
-7 00 0 7.058965 -1.470511-0.08448351 0.5570013
0 0 False
7.058965 -1.470511-0.1054843 0.5570013 -7 00 0
0.7879327 -0.4250697 False
-7 00 0 7.058965 -1.470511-0.1054843 0.5570013
0 0 False
7.058965 -1.470511-0.1270652 0.5570013 -7 00 0
0.7879327 -0.4250697 False
-7 00 0 7.058965 -1.470511-0.1270652 0.5570013
0 0 False
7.056008 -1.455447-0.1478135 0.7532013 -7 00 0
0.7611639 -0.8275759 False
-7 00 0 7.056008 -1.455447-0.1478135 0.7532013
0 0 False
7.056008 -1.455447-0.1695718 0.7532013 -7 00 0
0.7611639 -0.8275759 False
-7 00 0 7.056008 -1.455447-0.1695718 0.7532013
0 0 False
7.056008 -1.455447-0.1811604 0.7532013 -7 00 0
0.4229294 -0.8087817 False
-7 00 0 7.056008 -1.455447-0.1811604 0.7532013
0 0 False
7.052143 -1.436459-0.1932613 0.9494013 -7 00 0
0.4229294 -0.8087817 False
-7 00 0 7.052143 -1.436459-0.1932613 0.9494013
0 0 False
7.052143 -1.436459-0.2133938 0.9494013 -7 00 0
0.4229294 -0.8087817 False
-7 00 0 7.052143 -1.436459-0.2133938 0.9494013
0 0 False
7.052143 -1.436459-0.2342234 0.9494013 -7 00 0
0.3942918 -0.8438408 False
-7 00 0 7.052143 -1.436459-0.2342234 0.9494013
0 0 False
7.052143 -1.436459-0.2525244 0.9494013 -7 00 0
0.3942918 -0.8438408 False
-7 00 0 7.052143 -1.436459-0.2525244 0.9494013
0 0 False
7.046722 -1.413547-0.2710262 1.145601 -7 00 0
0.3942918 -0.8438408 False
-7 00 0 7.046722 -1.413547-0.2710262 1.145601
0 0 False
7.046722 -1.413547-0.2912264 1.145601 -7 00 0
0.3463382 -0.8476783 False
-7 00 0 7.046722 -1.413547-0.2912264 1.145601
0 0 False
7.046722 -1.413547-0.3089781 1.145601 -7 00 0
0.3463382 -0.8476783 False
-7 00 0 7.046722 -1.413547-0.3089781 1.145601
0 0 False
7.040173 -1.386711-0.3274787 1.341801 -7 00 0
0.3463382 -0.8476783 False
-7 00 0 7.040173 -1.386711-0.3274787 1.341801
0 0 False
7.040173 -1.386711-0.3451454 1.341801 -7 00 0
0.3113362 -0.9035989 False
-7 00 0 7.040173 -1.386711-0.3451454 1.341801
0 0 False
7.040173 -1.386711-0.3630376 1.341801 -7 00 0
0.3113362 -0.9035989 False
-7 00 0 7.040173 -1.386711-0.3630376 1.341801
0 0 False
7.032469 -1.355951-0.3852195 1.538001 -7 00 0
0.3113362 -0.9035989 False
-7 00 0 7.032469 -1.355951-0.3852195 1.538001
0 0 False
7.032469 -1.355951-0.4020832 1.538001 -7 00 0
0.2983425 -0.942621 False
-7 00 0 7.032469 -1.355951-0.4020832 1.538001
0 0 False
7.032469 -1.355951-0.4211996 1.538001 -7 00 0
0.2843239 -0.9717463 False
-7 00 0 7.032469 -1.355951-0.4211996 1.538001
0 0 False
7.02365 -1.321267-0.4409207 1.734201 -7 00 0
0.2843239 -0.9717463 False
-7 00 0 7.02365 -1.321267-0.4409207 1.734201
0 0 False
7.02365 -1.321267-0.4590579 1.734201 -7 00 0
0.2843239 -0.9717463 False
-7 00 0 7.02365 -1.321267-0.4590579 1.734201
0 0 False
7.02365 -1.321267-0.4803556 1.734201 -7 00 0
0.2694607 -0.9908487 False
-7 00 0 7.02365 -1.321267-0.4803556 1.734201
0 0 False
7.013627 -1.282659-0.5011544 1.930401 -7 00 0
0.2694607 -0.9908487 False
-7 00 0 7.013627 -1.282659-0.5011544 1.930401
0 0 False
7.013627 -1.282659-0.5197719 1.930401 -7 00 0
0.2371641 -0.9883676 False
-7 00 0 7.013627 -1.282659-0.5197719 1.930401
0 0 False
7.013627 -1.282659-0.5430624 1.930401 -7 00 0
0.2371641 -0.9883676 False
-7 00 0 7.013627 -1.282659-0.5430624 1.930401
0 0 False
7.002404 -1.240127-0.5611652 2.126601 -7 00 0
0.2371641 -0.9883676 False
-7 00 0 7.002404 -1.240127-0.5611652 2.126601
0 0 False
7.002404 -1.240127-0.5740986 2.126601 -7 00 0
0.2371641 -0.9883676 False
-7 00 0 7.002404 -1.240127-0.5740986 2.126601
0 0 False
7.002404 -1.240127-0.587292 2.126601 -7 00 0
0.2221822 -1 False
-7 00 0 7.002404 -1.240127-0.587292 2.126601
0 0 False
7.002404 -1.240127-0.6088039 2.126601 -7 00 0
0.2221822 -1 False
-7 00 0 7.002404 -1.240127-0.6088039 2.126601
0 0 False
6.989804 -1.193671-0.6299698 2.322801 -7 00 0
0.1900602 -1 False
-7 00 0 6.989804 -1.193671-0.6299698 2.322801
0 0 False
6.989804 -1.193671-0.6510014 2.322801 -7 00 0
0.1900602 -1 False
-7 00 0 6.989804 -1.193671-0.6510014 2.322801
0 0 False
6.976343 -1.143291-0.6730441 2.519001 -7 00 0
0.1900602 -1 False
-7 00 0 6.976343 -1.143291-0.6730441 2.519001
0 0 False
6.976343 -1.143291-0.6931298 2.519001 -7 00 0
0.142191 -1 False
-7 00 0 6.976343 -1.143291-0.6931298 2.519001
0 0 False
6.976343 -1.143291-0.7143844 2.519001 -7 00 0
0.142191 -1 False
-7 00 0 6.976343 -1.143291-0.7143844 2.519001
0 0 False
6.976343 -1.143291-0.7269731 2.519001 -7 00 0
0.1104507 -1 False
-7 00 0 6.976343 -1.143291-0.7269731 2.519001
0 0 False
6.961553 -1.088987-0.739526 2.715201 -7 00 0
0.1104507 -1 False
-7 00 0 6.961553 -1.088987-0.739526 2.715201
0 0 False
6.961553 -1.088987-0.7623274 2.715201 -7 00 0
0.1104507 -1 False
-7 00 0 6.961553 -1.088987-0.7623274 2.715201
0 0 False
6.961553 -1.088987-0.7760652 2.715201 -7 00 0
0.03149934 -1 False
-7 00 0 6.961553 -1.088987-0.7760652 2.715201
0 0 False
6.945594 -1.030759-0.7979356 2.911401 -7 00 0
0.03149934 -1 False
-7 00 0 6.945594 -1.030759-0.7979356 2.911401
0 0 False
6.945594 -1.030759-0.8194253 2.911401 -7 00 0
0 -1 False
-7 00 0 6.945594 -1.030759-0.8194253 2.911401
0 0 False
6.945594 -1.030759-0.8398929 2.911401 -7 00 0
0 -1 False
-7 00 0 6.945594 -1.030759-0.8398929 2.911401
0 0 False
6.928439 -0.9686071-0.8577321 3.107601 -7 00 0
0 -1 False
-7 00 0 6.928439 -0.9686071-0.8577321 3.107601
0 0 False
6.928439 -0.9686071-0.8787267 3.107601 -7 00 0
0 -1 False
-7 00 0 6.928439 -0.9686071-0.8787267 3.107601
0 0 False
6.928439 -0.9686071-0.8966016 3.107601 -7 00 0
0 -1 False
-7 00 0 6.928439 -0.9686071-0.8966016 3.107601
0 0 False
6.928439 -0.9686071-0.9183944 3.107601 -7 00 0
0 -1 False
-7 00 0 6.928439 -0.9686071-0.9183944 3.107601
0 0 False
6.909832 -0.902531-0.9303463 3.303801 -7 00 0
0 -1 False
-7 00 0 6.909832 -0.902531-0.9303463 3.303801
0 0 False
6.909832 -0.902531-0.9446272 3.303801 -7 00 0
0 -1 False
-7 00 0 6.909832 -0.902531-0.9446272 3.303801
0 0 False
6.909832 -0.902531-0.9661552 3.303801 -7 00 0
-0.03907243 -1 False
-7 00 0 6.909832 -0.902531-0.9661552 3.303801
0 0 False
6.890267 -0.832531-0.9782241 3.5 -7 00 0
-0.03907243 -1 False
-7 00 0 6.890267 -0.832531-0.9782241 3.5
0 0 False
6.890267 -0.832531-0.9989613 3.5 -7 00 0
-0.03907243 -1 False
-7 00 0 6.890267 -0.832531-0.9989613 3.5
0 0 False
6.890267 -0.832531-1.019883 3.5 -7 00 0
-0.07037022 -1 False
-7 00 0 6.890267 -0.832531-1.019883 3.5
0 0 False
6.869622 -0.758607-1.032275 3.6962 -7 00 0
-0.07037022 -1 False
-7 00 0 6.869622 -0.758607-1.032275 3.6962
0 0 False
6.869622 -0.758607-1.052728 3.6962 -7 00 0
-0.07037022 -1 False
-7 00 0 6.869622 -0.758607-1.052728 3.6962
0 0 False
6.869622 -0.758607-1.071858 3.6962 -7 00 0
-0.1489737 -1 False
-7 00 0 6.869622 -0.758607-1.071858 3.6962
0 0 False
6.869622 -0.758607-1.083583 3.6962 -7 00 0
-0.1489737 -1 False
-7 00 0 6.869622 -0.758607-1.083583 3.6962
0 0 False
6.847545 -0.680759-1.103856 3.8924 -7 00 0
-0.1489737 -1 False
-7 00 0 6.847545 -0.680759-1.103856 3.8924
0 0 False
6.847545 -0.680759-1.128755 3.8924 -7 00 0
-0.2284292 -1 False
-7 00 0 6.847545 -0.680759-1.128755 3.8924
0 0 False
6.847545 -0.680759-1.148753 3.8924 -7 00 0
-0.2284292 -1 False
-7 00 0 6.847545 -0.680759-1.148753 3.8924
0 0 False
6.82421 -0.598987-1.166726 4.0886 -7 00 0
-0.2685925 -1 False
-7 00 0 6.82421 -0.598987-1.166726 4.0886
0 0 False
6.82421 -0.598987-1.188045 4.0886 -7 00 0
-0.2685925 -1 False
-7 00 0 6.82421 -0.598987-1.188045 4.0886
0 0 False
6.82421 -0.598987-1.206304 4.0886 -7 00 0
-0.2685925 -1 False
-7 00 0 6.82421 -0.598987-1.206304 4.0886
0 0 False
6.799655 -0.513291-1.227742 4.2848 -7 00 0
-0.315807 -0.9947919 False
-7 00 0 6.799655 -0.513291-1.227742 4.2848
0 0 False
6.799655 -0.513291-1.247664 4.2848 -7 00 0
-0.315807 -0.9947919 False
-7 00 0 6.799655 -0.513291-1.247664 4.2848
0 0 False
6.799655 -0.513291-1.266163 4.2848 -7 00 0
-0.3402568 -0.9970315 False
-7 00 0 6.799655 -0.513291-1.266163 4.2848
0 0 False
6.774063 -0.423671-1.279615 4.481 -7 00 0
-0.3402568 -0.9970315 False
-7 00 0 6.774063 -0.423671-1.279615 4.481
0 0 False
6.774063 -0.423671-1.293067 4.481 -7 00 0
-0.3402568 -0.9970315 False
-7 00 0 6.774063 -0.423671-1.293067 4.481
0 0 False
6.774063 -0.423671-1.305092 4.481 -7 00 0
-0.3402568 -0.9970315 False
-7 00 0 6.774063 -0.423671-1.305092 4.481
0 0 False
6.774063 -0.423671-1.320454 4.481 -7 00 0
-0.3468634 -0.9775241 False
-7 00 0 6.774063 -0.423671-1.320454 4.481
0 0 False
6.747425 -0.330127-1.331916 4.6772 -7 00 0
-0.3468634 -0.9775241 False
-7 00 0 6.747425 -0.330127-1.331916 4.6772
0 0 False
6.747425 -0.330127-1.353445 4.6772 -7 00 0
-0.3468634 -0.9775241 False
-7 00 0 6.747425 -0.330127-1.353445 4.6772
0 0 False
6.747425 -0.330127-1.374408 4.6772 -7 00 0
-0.3468634 -0.9775241 False
-7 00 0 6.747425 -0.330127-1.374408 4.6772
0 0 False
6.719536 -0.232659-1.394407 4.8734 -7 00 0
-0.3468634 -0.9775241 False
-7 00 0 6.719536 -0.232659-1.394407 4.8734
0 0 False
6.719536 -0.232659-1.415503 4.8734 -7 00 0
-0.3468634 -0.9775241 False
-7 00 0 6.719536 -0.232659-1.415503 4.8734
0 0 False
6.719536 -0.232659-1.436461 4.8734 -7 00 0
-0.3468634 -0.9775241 False
-7 00 0 6.719536 -0.232659-1.436461 4.8734
0 0 False
6.690392 -0.131267-1.457241 5.0696 -7 00 0
-0.3468634 -0.9775241 False
-7 00 0 6.690392 -0.131267-1.457241 5.0696
0 0 False
6.690392 -0.131267-1.476962 5.0696 -7 00 0
-0.3468634 -0.9775241 False
-7 00 0 6.690392 -0.131267-1.476962 5.0696
0 0 False
6.690392 -0.131267-1.487469 5.0696 -7 00 0
-0.3468634 -0.9775241 False
-7 00 0 6.690392 -0.131267-1.487469 5.0696
0 0 False
6.690392 -0.131267-1.509898 5.0696 -7 00 0
-0.3598546 -0.9387513 False
-7 00 0 6.690392 -0.131267-1.509898 5.0696
0 0 False
6.659925 -0.02595102-1.523361 5.2658 -7 00 0
-0.3598546 -0.9387513 False
-7 00 0 6.659925 -0.02595102-1.523361 5.2658
0 0 False
6.659925 -0.02595102-1.535805 5.2658 -7 00 0
-0.3598546 -0.9387513 False
-7 00 0 6.659925 -0.02595102-1.535805 5.2658
0 0 False
6.659925 -0.02595102-1.549027 5.2658 -7 00 0
-0.3598546 -0.9387513 False
-7 00 0 6.659925 -0.02595102-1.549027 5.2658
0 0 False
6.659925 -0.02595102-1.562464 5.2658 -7 00 0
-0.3598546 -0.9387513 False
-7 00 0 6.659925 -0.02595102-1.562464 5.2658
0 0 False
6.659925 -0.02595102-1.578291 5.2658 -7 00 0
-0.3598546 -0.9387513 False
-7 00 0 6.659925 -0.02595102-1.578291 5.2658
0 0 False
6.62811 0.08328897-1.590716 5.461999 -7 00 0
-0.3598546 -0.9387513 False
-7 00 0 6.62811 0.08328897-1.590716 5.461999
0 0 False
6.62811 0.08328897-1.613487 5.431639 -7 00 0
-0.3598546 -0.9387513 False
-7 00 0 6.62811 0.08328897-1.613487 5.431639
0 0 False
6.62811 0.08328897-1.634309 5.403876 -7 00 0
-0.3598546 -0.9387513 False
-7 00 0 6.62811 0.08328897-1.634309 5.403876
0 0 False
6.595063 0.1869603-1.652391 5.183567 -7 00 0
-0.3598546 -0.9387513 False
-7 00 0 6.595063 0.1869603-1.652391 5.183567
0 0 False
6.595063 0.1869603-1.671094 5.158628 -7 00 0
-0.3598546 -0.9387513 False
-7 00 0 6.595063 0.1869603-1.671094 5.158628
0 0 False
6.595063 0.1869603-1.683644 5.141896 -7 00 0
-0.3598546 -0.9387513 False
-7 00 0 6.595063 0.1869603-1.683644 5.141896
0 0 False
6.560938 0.2852713-1.706253 4.915551 -7 00 0
-0.3598546 -0.9387513 False
-7 00 0 6.560938 0.2852713-1.706253 4.915551
0 0 False
6.560938 0.2852713-1.725075 4.890455 -7 00 0
-0.3598546 -0.9387513 False
-7 00 0 6.560938 0.2852713-1.725075 4.890455
0 0 False
6.560938 0.2852713-1.742213 4.867604 -7 00 0
-0.3598546 -0.9387513 False
-7 00 0 6.560938 0.2852713-1.742213 4.867604
0 0 False
6.525734 0.3782199-1.760195 4.647428 -7 00 0
-0.3598546 -0.9387513 False
-7 00 0 6.525734 0.3782199-1.760195 4.647428
0 0 False
6.525734 0.3782199-1.781214 4.619404 -7 00 0
-0.3598546 -0.9387513 False
-7 00 0 6.525734 0.3782199-1.781214 4.619404
0 0 False
6.525734 0.3782199-1.799842 4.594566 -7 00 0
-0.3598546 -0.9387513 False
-7 00 0 6.525734 0.3782199-1.799842 4.594566
0 0 False
6.489375 0.4657036-1.817977 4.374187 -7 00 0
-0.3598546 -0.9387513 False
-7 00 0 6.489375 0.4657036-1.817977 4.374187
0 0 False
6.489375 0.4657036-1.839293 4.345765 -7 00 0
-0.3598546 -0.9387513 False
-7 00 0 6.489375 0.4657036-1.839293 4.345765
0 0 False
6.489375 0.4657036-1.857141 4.321968 -7 00 0
-0.3598546 -0.9387513 False
-7 00 0 6.489375 0.4657036-1.857141 4.321968
0 0 False
6.45183 0.5476834-1.877224 4.09899 -7 00 0
-0.3598546 -0.9387513 False
-7 00 0 6.45183 0.5476834-1.877224 4.09899
0 0 False
6.45183 0.5476834-1.895297 4.074893 -7 00 0
-0.3598546 -0.9387513 False
-7 00 0 6.45183 0.5476834-1.895297 4.074893
0 0 False
6.45183 0.5476834-1.913799 4.050224 -7 00 0
-0.3680194 -0.939624 False
-7 00 0 6.45183 0.5476834-1.913799 4.050224
0 0 False
6.413083 0.6241347-1.937395 3.822563 -7 00 0
-0.3598546 -0.9387513 False
-7 00 0 6.413083 0.6241347-1.937395 3.822563
0 0 False
6.413083 0.6241347-1.958482 3.794447 -7 00 0
-0.3598546 -0.9387513 False
-7 00 0 6.413083 0.6241347-1.958482 3.794447
0 0 False
6.413083 0.6241347-1.970701 3.778154 -7 00 0
-0.3598546 -0.9387513 False
-7 00 0 6.413083 0.6241347-1.970701 3.778154
0 0 False
6.413083 0.6241347-1.986856 3.756614 -7 00 0
-0.3598546 -0.9387513 False
-7 00 0 6.413083 0.6241347-1.986856 3.756614
0 0 False
6.372898 0.6947461-2.009235 3.530575 -7 00 0
-0.3598546 -0.9387513 False
-7 00 0 6.372898 0.6947461-2.009235 3.530575
0 0 False
6.372898 0.6947461-2.024188 3.510639 -7 00 0
-0.3598546 -0.9387513 False
-7 00 0 6.372898 0.6947461-2.024188 3.510639
0 0 False
6.372898 0.6947461-2.045311 3.482473 -7 00 0
-0.3598546 -0.9387513 False
-7 00 0 6.372898 0.6947461-2.045311 3.482473
0 0 False
6.331553 0.7598856-2.067286 3.256974 -7 00 0
-0.3598546 -0.9387513 False
-7 00 0 6.331553 0.7598856-2.067286 3.256974
0 0 False
6.331553 0.7598856-2.087223 3.230391 -7 00 0
-0.3680194 -0.939624 False
-7 00 0 6.331553 0.7598856-2.087223 3.230391
0 0 False
6.331553 0.7598856-2.104818 3.206931 -7 00 0
-0.3680194 -0.939624 False
-7 00 0 6.331553 0.7598856-2.104818 3.206931
0 0 False
6.289068 0.8195832-2.124206 2.984881 -7 00 0
-0.3680194 -0.939624 False
-7 00 0 6.289068 0.8195832-2.124206 2.984881
0 0 False
6.289068 0.8195832-2.144439 2.957903 -7 00 0
-0.3598546 -0.9387513 False
-7 00 0 6.289068 0.8195832-2.144439 2.957903
0 0 False
6.289068 0.8195832-2.161841 2.9347 -7 00 0
-0.3598546 -0.9387513 False
-7 00 0 6.289068 0.8195832-2.161841 2.9347
0 0 False
6.245575 0.8740119-2.17464 2.721435 -7 00 0
-0.3598546 -0.9387513 False
-7 00 0 6.245575 0.8740119-2.17464 2.721435
0 0 False
6.245575 0.8740119-2.194955 2.721435 -7 00 0
-0.3598546 -0.9387513 False
-7 00 0 6.245575 0.8740119-2.194955 2.721435
0 0 False
6.245575 0.8740119-2.213899 2.721435 -7 00 0
-0.3598546 -0.9387513 False
-7 00 0 6.245575 0.8740119-2.213899 2.721435
0 0 False
6.200898 0.9245166-2.233886 2.525235 -7 00 0
-0.3598546 -0.9387513 False
-7 00 0 6.200898 0.9245166-2.233886 2.525235
0 0 False
6.200898 0.9245166-2.254862 2.525235 -7 00 0
-0.3598546 -0.9387513 False
-7 00 0 6.200898 0.9245166-2.254862 2.525235
0 0 False
6.200898 0.9245166-2.274726 2.525235 -7 00 0
-0.3680194 -0.939624 False
-7 00 0 6.200898 0.9245166-2.274726 2.525235
0 0 False
6.200898 0.9245166-2.294099 2.525235 -7 00 0
-0.3680194 -0.939624 False
-7 00 0 6.200898 0.9245166-2.294099 2.525235
0 0 False
6.15466 0.9710973-2.311903 2.329035 -7 00 0
-0.3680194 -0.939624 False
-7 00 0 6.15466 0.9710973-2.311903 2.329035
0 0 False
6.15466 0.9710973-2.333022 2.329035 -7 00 0
-0.3680194 -0.939624 False
-7 00 0 6.15466 0.9710973-2.333022 2.329035
0 0 False
6.15466 0.9710973-2.350768 2.329035 -7 00 0
-0.3680194 -0.939624 False
-7 00 0 6.15466 0.9710973-2.350768 2.329035
0 0 False
6.107252 1.013754-2.370406 2.132835 -7 00 0
-0.3680194 -0.939624 False
-7 00 0 6.107252 1.013754-2.370406 2.132835
0 0 False
6.107252 1.013754-2.386977 2.132835 -7 00 0
-0.3598546 -0.9387513 False
-7 00 0 6.107252 1.013754-2.386977 2.132835
0 0 False
6.107252 1.013754-2.404986 2.132835 -7 00 0
-0.3598546 -0.9387513 False
-7 00 0 6.107252 1.013754-2.404986 2.132835
0 0 False
6.058778 1.052487-2.423689 1.936635 -7 00 0
-0.3598546 -0.9387513 False
-7 00 0 6.058778 1.052487-2.423689 1.936635
0 0 False
6.058778 1.052487-2.441031 1.936635 -7 00 0
-0.3734812 -0.9103605 False
-7 00 0 6.058778 1.052487-2.441031 1.936635
0 0 False
6.058778 1.052487-2.459979 1.936635 -7 00 0
-0.3734812 -0.9103605 False
-7 00 0 6.058778 1.052487-2.459979 1.936635
0 0 False
6.00934 1.087295-2.471896 1.740435 -7 00 0
-0.4084567 -0.8554469 False
-7 00 0 6.00934 1.087295-2.471896 1.740435
0 0 False
6.00934 1.087295-2.495168 1.740435 -7 00 0
-0.4084567 -0.8554469 False
-7 00 0 6.00934 1.087295-2.495168 1.740435
0 0 False
6.00934 1.087295-2.516811 1.740435 -7 00 0
-0.4084567 -0.8554469 False
-7 00 0 6.00934 1.087295-2.516811 1.740435
0 0 False
6.00934 1.087295-2.530827 1.740435 -7 00 0
-0.4115571 -0.885236 False
-7 00 0 6.00934 1.087295-2.530827 1.740435
0 0 False
5.958303 1.11818-2.551839 1.544235 -7 00 0
-0.4115571 -0.885236 False
-7 00 0 5.958303 1.11818-2.551839 1.544235
0 0 False
5.958303 1.11818-2.570511 1.544235 -7 00 0
-0.4115571 -0.885236 False
-7 00 0 5.958303 1.11818-2.570511 1.544235
0 0 False
5.90642 1.145141-2.594161 1.348035 -7 00 0
-0.4115571 -0.885236 False
-7 00 0 5.90642 1.145141-2.594161 1.348035
0 0 False
5.90642 1.145141-2.616572 1.348035 -7 00 0
-0.4115571 -0.885236 False
-7 00 0 5.90642 1.145141-2.616572 1.348035
0 0 False
5.90642 1.145141-2.629147 1.348035 -7 00 0
-0.4115571 -0.885236 False
-7 00 0 5.90642 1.145141-2.629147 1.348035
0 0 False
5.853398 1.168178-2.651096 1.151835 -7 00 0
-0.4115571 -0.885236 False
-7 00 0 5.853398 1.168178-2.651096 1.151835
0 0 False
5.853398 1.168178-2.672976 1.151835 -7 00 0
-0.4115571 -0.885236 False
-7 00 0 5.853398 1.168178-2.672976 1.151835
0 0 False
5.853398 1.168178-2.695943 1.151835 -7 00 0
-0.4115571 -0.885236 False
-7 00 0 5.853398 1.168178-2.695943 1.151835
0 0 False
5.799047 1.18729-2.717532 0.9556351 -7 00 0
-0.4084567 -0.8554469 False
-7 00 0 5.799047 1.18729-2.717532 0.9556351
0 0 False
5.799047 1.18729-2.737887 0.9556351 -7 00 0
-0.4084567 -0.8554469 False
-7 00 0 5.799047 1.18729-2.737887 0.9556351
0 0 False
5.799047 1.18729-2.758981 0.9556351 -7 00 0
-0.4084567 -0.8554469 False
-7 00 0 5.799047 1.18729-2.758981 0.9556351
0 0 False
5.743485 1.202479-2.778078 0.7594351 -7 00 0
-0.4084567 -0.8554469 False
-7 00 0 5.743485 1.202479-2.778078 0.7594351
0 0 False
5.743485 1.202479-2.797841 0.7594351 -7 00 0
-0.4084567 -0.8554469 False
-7 00 0 5.743485 1.202479-2.797841 0.7594351
0 0 False
5.743485 1.202479-2.816038 0.7594351 -7 00 0
-0.4084567 -0.8554469 False
-7 00 0 5.743485 1.202479-2.816038 0.7594351
0 0 False
5.686749 1.213744-2.836843 0.563235 -7 00 0
-0.4084567 -0.8554469 False
-7 00 0 5.686749 1.213744-2.836843 0.563235
0 0 False
5.686749 1.213744-2.855305 0.563235 -7 00 0
-0.4084567 -0.8554469 False
-7 00 0 5.686749 1.213744-2.855305 0.563235
0 0 False
5.686749 1.213744-2.873854 0.563235 -7 00 0
-0.4084567 -0.8554469 False
-7 00 0 5.686749 1.213744-2.873854 0.563235
0 0 False
5.686749 1.213744-2.890757 0.563235 -7 00 0
-0.4084567 -0.8554469 False
-7 00 0 5.686749 1.213744-2.890757 0.563235
0 0 False
5.628574 1.221084-2.908696 0.367035 -7 00 0
-0.4084567 -0.8554469 False
-7 00 0 5.628574 1.221084-2.908696 0.367035
0 0 False
5.628574 1.221084-2.927637 0.367035 -7 00 0
-0.4084567 -0.8554469 False
-7 00 0 5.628574 1.221084-2.927637 0.367035
0 0 False
5.628574 1.221084-2.947702 0.367035 -7 00 0
-0.4084567 -0.8554469 False
-7 00 0 5.628574 1.221084-2.947702 0.367035
0 0 False
5.569237 1.224501-2.966863 0.170835 -7 00 0
-0.4084567 -0.8554469 False
-7 00 0 5.569237 1.224501-2.966863 0.170835
0 0 False
5.569237 1.224501-2.986675 0.170835 -7 00 0
-0.4084567 -0.8554469 False
-7 00 0 5.569237 1.224501-2.986675 0.170835
0 0 False
5.569237 1.224501-3.004601 0.170835 -7 00 0
-0.4115571 -0.885236 False
-7 00 0 5.569237 1.224501-3.004601 0.170835
0 0 False
5.508767 1.223994-3.023501 -0.02536497 -7 00 0
-0.4115571 -0.885236 False
-7 00 0 5.508767 1.223994-3.023501 -0.02536497
0 0 False
5.508767 1.223994-3.040583 -0.02536497 -7 00 0
-0.4115571 -0.885236 False
-7 00 0 5.508767 1.223994-3.040583 -0.02536497
0 0 False
5.508767 1.223994-3.058816 -0.02536497 -7 00 0
-0.4084567 -0.8554469 False
-7 00 0 5.508767 1.223994-3.058816 -0.02536497
0 0 False
5.447232 1.219562-3.076733 -0.221565 -7 00 0
-0.4084567 -0.8554469 False
-7 00 0 5.447232 1.219562-3.076733 -0.221565
0 0 False
5.447232 1.219562-3.094257 -0.221565 -7 00 0
-0.4084567 -0.8554469 False
-7 00 0 5.447232 1.219562-3.094257 -0.221565
0 0 False
5.447232 1.219562-3.112107 -0.221565 -7 00 0
-0.4084567 -0.8554469 False
-7 00 0 5.447232 1.219562-3.112107 -0.221565
0 0 False
5.447232 1.219562-3.133383 -0.221565 -7 00 0
-0.4084567 -0.8554469 False
-7 00 0 5.447232 1.219562-3.133383 -0.221565
0 0 False
5.384202 1.211207-3.151487 -0.417765 -7 00 0
-0.4084567 -0.8554469 False
-7 00 0 5.384202 1.211207-3.151487 -0.417765
0 0 False
5.384202 1.211207-3.173111 -0.417765 -7 00 0
-0.4084567 -0.8554469 False
-7 00 0 5.384202 1.211207-3.173111 -0.417765
0 0 False
5.320336 1.198928-3.193301 -0.613965 -7 00 0
-0.4084567 -0.8554469 False
-7 00 0 5.320336 1.198928-3.193301 -0.613965
0 0 False
5.320336 1.198928-3.21427 -0.613965 -7 00 0
-0.4084567 -0.8554469 False
-7 00 0 5.320336 1.198928-3.21427 -0.613965
0 0 False
5.320336 1.198928-3.235183 -0.613965 -7 00 0
-0.4084567 -0.8554469 False
-7 00 0 5.320336 1.198928-3.235183 -0.613965
0 0 False
5.320336 1.198928-3.253393 -0.613965 -7 00 0
-0.4084567 -0.8554469 False
-7 00 0 5.320336 1.198928-3.253393 -0.613965
0 0 False
5.254887 1.182725-3.272482 -0.810165 -7 00 0
-0.4084567 -0.8554469 False
-7 00 0 5.254887 1.182725-3.272482 -0.810165
0 0 False
5.254887 1.182725-3.292622 -0.810165 -7 00 0
-0.4084567 -0.8554469 False
-7 00 0 5.254887 1.182725-3.292622 -0.810165
0 0 False
5.254887 1.182725-3.311224 -0.810165 -7 00 0
-0.4084567 -0.8554469 False
-7 00 0 5.254887 1.182725-3.311224 -0.810165
0 0 False
5.188253 1.162597-3.331692 -1.006365 -7 00 0
-0.4084567 -0.8554469 False
-7 00 0 5.188253 1.162597-3.331692 -1.006365
0 0 False
5.188253 1.162597-3.349555 -1.006365 -7 00 0
-0.4084567 -0.8554469 False
-7 00 0 5.188253 1.162597-3.349555 -1.006365
0 0 False
5.188253 1.162597-3.368483 -1.006365 -7 00 0
-0.4084567 -0.8554469 False
-7 00 0 5.188253 1.162597-3.368483 -1.006365
0 0 False
5.120435 1.138546-3.390899 -1.202565 -7 00 0
-0.4084567 -0.8554469 False
-7 00 0 5.120435 1.138546-3.390899 -1.202565
0 0 False
5.120435 1.138546-3.409963 -1.202565 -7 00 0
-0.4084567 -0.8554469 False
-7 00 0 5.120435 1.138546-3.409963 -1.202565
0 0 False
5.120435 1.138546-3.43128 -1.202565 -7 00 0
-0.4084567 -0.8554469 False
-7 00 0 5.120435 1.138546-3.43128 -1.202565
0 0 False
5.051463 1.110571-3.448603 -1.398765 -7 00 0
-0.4084567 -0.8554469 False
-7 00 0 5.051463 1.110571-3.448603 -1.398765
0 0 False
5.051463 1.110571-3.467796 -1.398765 -7 00 0
-0.4084567 -0.8554469 False
-7 00 0 5.051463 1.110571-3.467796 -1.398765
0 0 False
5.051463 1.110571-3.485382 -1.398765 -7 00 0
-0.4084567 -0.8554469 False
-7 00 0 5.051463 1.110571-3.485382 -1.398765
0 0 False
4.981395 1.078671-3.503366 -1.594965 -7 00 0
-0.4084567 -0.8554469 False
-7 00 0 4.981395 1.078671-3.503366 -1.594965
0 0 False
4.981395 1.078671-3.522248 -1.594965 -7 00 0
-0.4084567 -0.8554469 False
-7 00 0 4.981395 1.078671-3.522248 -1.594965
0 0 False
4.981395 1.078671-3.540015 -1.594965 -7 00 0
-0.4084567 -0.8554469 False
-7 00 0 4.981395 1.078671-3.540015 -1.594965
0 0 False
4.910244 1.042848-3.55756 -1.791165 -7 00 0
-0.4084567 -0.8554469 False
-7 00 0 4.910244 1.042848-3.55756 -1.791165
0 0 False
4.910244 1.042848-3.575598 -1.791165 -7 00 0
-0.4084567 -0.8554469 False
-7 00 0 4.910244 1.042848-3.575598 -1.791165
0 0 False
4.910244 1.042848-3.592261 -1.791165 -7 00 0
-0.4084567 -0.8554469 False
-7 00 0 4.910244 1.042848-3.592261 -1.791165
0 0 False
4.910244 1.042848-3.610565 -1.791165 -7 00 0
-0.4084567 -0.8554469 False
-7 00 0 4.910244 1.042848-3.610565 -1.791165
0 0 False
4.837617 1.003101-3.631352 -1.987365 -7 00 0
-0.4084567 -0.8554469 False
-7 00 0 4.837617 1.003101-3.631352 -1.987365
0 0 False
4.837617 1.003101-3.649997 -1.987365 -7 00 0
-0.4115571 -0.885236 False
-7 00 0 4.837617 1.003101-3.649997 -1.987365
0 0 False
4.837617 1.003101-3.671506 -1.987365 -7 00 0
-0.4115571 -0.885236 False
-7 00 0 4.837617 1.003101-3.671506 -1.987365
0 0 False
4.763788 0.9594293-3.691444 -2.183565 -7 00 0
-0.4115571 -0.885236 True
-7 00 0 4.763788 0.9594293-3.691444 -2.183565
0 0 False
4.763788 0.9594293-3.712617 -2.183565 -7 00 0
-0.4115571 -0.885236 False
-7 00 0 4.763788 0.9594293-3.712617 -2.183565
0 0 False
4.763788 0.9594293-3.725386 -2.183565 -7 00 0
-0.4115571 -0.885236 False
-7 00 0 4.763788 0.9594293-3.725386 -2.183565
0 0 False
4.68887 0.911834-3.745899 -2.379765 -7 00 0
-0.4115571 -0.885236 False
-7 00 0 4.68887 0.911834-3.745899 -2.379765
0 0 False
4.68887 0.911834-3.764153 -2.379765 -7 00 0
-0.4115571 -0.885236 False
-7 00 0 4.68887 0.911834-3.764153 -2.379765
0 0 False
4.68887 0.911834-3.775711 -2.379765 -7 00 0
-0.4084567 -0.8554469 False
-7 00 0 4.68887 0.911834-3.775711 -2.379765
0 0 False
4.612939 0.8603147-3.796559 -2.575965 -7 00 0
-0.4084567 -0.8554469 False
-7 00 0 4.612939 0.8603147-3.796559 -2.575965
0 0 False
4.612939 0.8603147-3.818359 -2.575965 -7 00 0
-0.4084567 -0.8554469 False
-7 00 0 4.612939 0.8603147-3.818359 -2.575965
0 0 False
4.612939 0.8603147-3.838199 -2.575965 -7 00 0
-0.4084567 -0.8554469 False
-7 00 0 4.612939 0.8603147-3.838199 -2.575965
0 0 False
4.535812 0.8048714-3.856339 -2.772165 -7 00 0
-0.4084567 -0.8554469 False
-7 00 0 4.535812 0.8048714-3.856339 -2.772165
0 0 False
4.535812 0.8048714-3.875338 -2.772165 -7 00 0
-0.4084567 -0.8554469 False
-7 00 0 4.535812 0.8048714-3.875338 -2.772165
0 0 False
4.535812 0.8048714-3.8957 -2.772165 -7 00 0
-0.4115571 -0.885236 False
-7 00 0 4.535812 0.8048714-3.8957 -2.772165
0 0 False
4.457465 0.7455041-3.917354 -2.968364 -7 00 0
-0.4115571 -0.885236 False
-7 00 0 4.457465 0.7455041-3.917354 -2.968364
0 0 False
4.457465 0.7455041-3.937293 -2.968364 -7 00 0
-0.4084567 -0.8554469 False
-7 00 0 4.457465 0.7455041-3.937293 -2.968364
0 0 False
4.457465 0.7455041-3.955078 -2.968364 -7 00 0
-0.4084567 -0.8554469 False
-7 00 0 4.457465 0.7455041-3.955078 -2.968364
0 0 False
4.457465 0.7455041-3.97407 -2.968364 -7 00 0
-0.4084567 -0.8554469 False
-7 00 0 4.457465 0.7455041-3.97407 -2.968364
0 0 False
4.377629 0.6822128-3.991808 -3.164564 -7 00 0
-0.4084567 -0.8554469 False
-7 00 0 4.377629 0.6822128-3.991808 -3.164564
0 0 False
4.377629 0.6822128-4.008982 -3.164564 -7 00 0
-0.4084567 -0.8554469 False
-7 00 0 4.377629 0.6822128-4.008982 -3.164564
0 0 False
4.377629 0.6822128-4.027695 -3.164564 -7 00 0
-0.4084567 -0.8554469 False
-7 00 0 4.377629 0.6822128-4.027695 -3.164564
0 0 False
4.296729 0.6149976-4.045018 -3.360764 -7 00 0
-0.4084567 -0.8554469 False
-7 00 0 4.296729 0.6149976-4.045018 -3.360764
0 0 False
4.296729 0.6149976-4.063056 -3.360764 -7 00 0
-0.4084567 -0.8554469 False
-7 00 0 4.296729 0.6149976-4.063056 -3.360764
0 0 False
4.296729 0.6149976-4.08422 -3.360764 -7 00 0
-0.4115571 -0.885236 False
-7 00 0 4.296729 0.6149976-4.08422 -3.360764
0 0 False
4.214688 0.5438583-4.102032 -3.556964 -7 00 0
-0.4115571 -0.885236 False
-7 00 0 4.214688 0.5438583-4.102032 -3.556964
0 0 False
4.214688 0.5438583-4.121058 -3.556964 -7 00 0
-0.4115571 -0.885236 False
-7 00 0 4.214688 0.5438583-4.121058 -3.556964
0 0 False
4.214688 0.5438583-4.13831 -3.556964 -7 00 0
-0.4084567 -0.8554469 False
-7 00 0 4.214688 0.5438583-4.13831 -3.556964
0 0 False
4.131569 0.468795-4.155939 -3.753164 -7 00 0
-0.4084567 -0.8554469 False
-7 00 0 4.131569 0.468795-4.155939 -3.753164
0 0 False
4.131569 0.468795-4.175767 -3.753164 -7 00 0
-0.4115571 -0.885236 False
-7 00 0 4.131569 0.468795-4.175767 -3.753164
0 0 False
4.131569 0.468795-4.195673 -3.753164 -7 00 0
-0.4115571 -0.885236 False
-7 00 0 4.131569 0.468795-4.195673 -3.753164
0 0 False
4.047299 0.3898077-4.213479 -3.949364 -7 00 0
-0.4115571 -0.885236 False
-7 00 0 4.047299 0.3898077-4.213479 -3.949364
0 0 False
4.047299 0.3898077-4.234681 -3.949364 -7 00 0
-0.4115571 -0.885236 False
-7 00 0 4.047299 0.3898077-4.234681 -3.949364
0 0 False
4.047299 0.3898077-4.252299 -3.949364 -7 00 0
-0.4115571 -0.885236 False
-7 00 0 4.047299 0.3898077-4.252299 -3.949364
0 0 False
4.047299 0.3898077-4.271283 -3.949364 -7 00 0
-0.4115571 -0.885236 False
-7 00 0 4.047299 0.3898077-4.271283 -3.949364
0 0 False
3.961524 0.3068964-4.288774 -4.145564 -7 00 0
-0.4084567 -0.8554469 False
-7 00 0 3.961524 0.3068964-4.288774 -4.145564
0 0 False
3.961524 0.3068964-4.306708 -4.145564 -7 00 0
-0.4084567 -0.8554469 False
-7 00 0 3.961524 0.3068964-4.306708 -4.145564
0 0 False
3.961524 0.3068964-4.324523 -4.145564 -7 00 0
-0.4084567 -0.8554469 False
-7 00 0 3.961524 0.3068964-4.324523 -4.145564
0 0 False
3.874673 0.2200612-4.342551 -4.341764 -7 00 0
-0.4115571 -0.885236 False
-7 00 0 3.874673 0.2200612-4.342551 -4.341764
0 0 False
3.874673 0.2200612-4.360922 -4.341764 -7 00 0
-0.4115571 -0.885236 False
-7 00 0 3.874673 0.2200612-4.360922 -4.341764
0 0 False
3.874673 0.2200612-4.381734 -4.341764 -7 00 0
-0.4115571 -0.885236 False
-7 00 0 3.874673 0.2200612-4.381734 -4.341764
0 0 False
3.786681 0.1293019-4.399585 -4.537964 -7 00 0
-0.4115571 -0.885236 False
-7 00 0 3.786681 0.1293019-4.399585 -4.537964
0 0 False
3.786681 0.1293019-4.418444 -4.537964 -7 00 0
-0.4115571 -0.885236 False
-7 00 0 3.786681 0.1293019-4.418444 -4.537964
0 0 False
3.786681 0.1293019-4.435394 -4.537964 -7 00 0
-0.4115571 -0.885236 False
-7 00 0 3.786681 0.1293019-4.435394 -4.537964
0 0 False
3.697613 0.03461862-4.45341 -4.734164 -7 00 0
-0.4115571 -0.885236 False
-7 00 0 3.697613 0.03461862-4.45341 -4.734164
0 0 False
3.697613 0.03461862-4.472694 -4.734164 -7 00 0
-0.4084567 -0.8554469 False
-7 00 0 3.697613 0.03461862-4.472694 -4.734164
0 0 False
3.697613 0.03461862-4.493392 -4.734164 -7 00 0
-0.4084567 -0.8554469 False
-7 00 0 3.697613 0.03461862-4.493392 -4.734164
0 0 False
3.697613 0.03461862-4.511672 -4.734164 -7 00 0
-0.4084567 -0.8554469 False
-7 00 0 3.697613 0.03461862-4.511672 -4.734164
0 0 False
3.606962 -0.06398866-4.532535 -4.930364 -7 00 0
-0.4115571 -0.885236 False
-7 00 0 3.606962 -0.06398866-4.532535 -4.930364
0 0 False
3.606962 -0.06398866-4.55031 -4.936289 -7 00 0
-0.4115571 -0.885236 False
-7 00 0 3.606962 -0.06398866-4.55031 -4.936289
0 0 False
3.606962 -0.06398866-4.569625 -4.942728 -7 00 0
-0.4115571 -0.885236 False
-7 00 0 3.606962 -0.06398866-4.569625 -4.942728
0 0 False
3.515177 -0.1590503-4.589285 -4.753081 -7 00 0
-0.4115571 -0.885236 False
-7 00 0 3.515177 -0.1590503-4.589285 -4.753081
0 0 False
3.515177 -0.1590503-4.607225 -4.759061 -7 00 0
-0.4115571 -0.885236 False
-7 00 0 3.515177 -0.1590503-4.607225 -4.759061
0 0 False
3.515177 -0.1590503-4.625285 -4.765081 -7 00 0
-0.4115571 -0.885236 False
-7 00 0 3.515177 -0.1590503-4.625285 -4.765081
0 0 False
3.422311 -0.2505479-4.643289 -4.574883 -7 00 0
-0.4115571 -0.885236 False
-7 00 0 3.422311 -0.2505479-4.643289 -4.574883
0 0 False
3.422311 -0.2505479-4.661362 -4.580907 -7 00 0
-0.4115571 -0.885236 False
-7 00 0 3.422311 -0.2505479-4.661362 -4.580907
0 0 False
3.422311 -0.2505479-4.682275 -4.587878 -7 00 0
-0.4115571 -0.885236 False
-7 00 0 3.422311 -0.2505479-4.682275 -4.587878
0 0 False
3.328289 -0.3385069-4.701095 -4.397951 -7 00 0
-0.4115571 -0.885236 False
-7 00 0 3.328289 -0.3385069-4.701095 -4.397951
0 0 False
3.328289 -0.3385069-4.719824 -4.404194 -7 00 0
-0.4115571 -0.885236 False
-7 00 0 3.328289 -0.3385069-4.719824 -4.404194
0 0 False
3.328289 -0.3385069-4.739118 -4.410625 -7 00 0
-0.4115571 -0.885236 False
-7 00 0 3.328289 -0.3385069-4.739118 -4.410625
0 0 False
3.233147 -0.4229153-4.757094 -4.220417 -7 00 0
-0.4115571 -0.885236 False
-7 00 0 3.233147 -0.4229153-4.757094 -4.220417
0 0 False
3.233147 -0.4229153-4.775294 -4.226484 -7 00 0
-0.4043296 -0.8941904 False
-7 00 0 3.233147 -0.4229153-4.775294 -4.226484
0 0 False
3.233147 -0.4229153-4.793409 -4.232522 -7 00 0
-0.4062872 -0.9141461 False
-7 00 0 3.233147 -0.4229153-4.793409 -4.232522
0 0 False
3.233147 -0.4229153-4.811374 -4.238511 -7 00 0
-0.4062872 -0.9141461 False
-7 00 0 3.233147 -0.4229153-4.811374 -4.238511
0 0 False
3.136507 -0.5038992-4.832022 -4.049193 -7 00 0
-0.4062872 -0.9141461 False
-7 00 0 3.136507 -0.5038992-4.832022 -4.049193
0 0 False
3.039475 -0.5810894-4.851584 -3.859514 -7 00 0
-0.3706025 -0.9698746 False
-7 00 0 3.039475 -0.5810894-4.851584 -3.859514
0 0 False
2.940683 -0.6549426-4.939622 -3.69266 -7 00 0
-0.3624037 -0.969036 False
-7 00 0 2.940683 -0.6549426-4.939622 -3.69266
0 0 False
2.840816 -0.72523-4.993351 -3.51437 -7 00 0
-0.3550386 -0.9783286 False
-7 00 0 2.840816 -0.72523-4.993351 -3.51437
0 0 False
2.840816 -0.72523-5.03126 -3.527006 -7 00 0
-0.3550386 -0.9783286 False
-7 00 0 2.840816 -0.72523-5.03126 -3.527006
0 0 False
2.739651 -0.7920259-5.058228 -3.339795 -7 00 0
-0.3402568 -0.9970315 False
-7 00 0 2.739651 -0.7920259-5.058228 -3.339795
0 0 False
2.739651 -0.7920259-5.080496 -3.347218 -7 00 0
-0.3402568 -0.9970315 False
-7 00 0 2.739651 -0.7920259-5.080496 -3.347218
0 0 False
2.739651 -0.7920259-5.099614 -3.35359 -7 00 0
-0.3402568 -0.9970315 False
-7 00 0 2.739651 -0.7920259-5.099614 -3.35359
0 0 False
2.637334 -0.8552819-5.115843 -3.1628 -7 00 0
-0.309097 -1 False
-7 00 0 2.637334 -0.8552819-5.115843 -3.1628
0 0 False
2.637334 -0.8552819-5.136104 -3.169554 -7 00 0
-0.309097 -1 False
-7 00 0 2.637334 -0.8552819-5.136104 -3.169554
0 0 False
2.637334 -0.8552819-5.149278 -3.173945 -7 00 0
-0.2524881 -1 False
-7 00 0 2.637334 -0.8552819-5.149278 -3.173945
0 0 False
2.637334 -0.8552819-5.167707 -3.180088 -7 00 0
-0.2524881 -1 False
-7 00 0 2.637334 -0.8552819-5.167707 -3.180088
0 0 False
2.533692 -0.9150558-5.182126 -2.988694 -7 00 0
-0.2524881 -1 False
-7 00 0 2.533692 -0.9150558-5.182126 -2.988694
0 0 False
2.533692 -0.9150558-5.19594 -2.993299 -7 00 0
-0.2524881 -1 False
-7 00 0 2.533692 -0.9150558-5.19594 -2.993299
0 0 False
2.533692 -0.9150558-5.208279 -2.997412 -7 00 0
-0.1806317 -1 False
-7 00 0 2.533692 -0.9150558-5.208279 -2.997412
0 0 False
2.533692 -0.9150558-5.223366 -3.002441 -7 00 0
-0.1806317 -1 False
-7 00 0 2.533692 -0.9150558-5.223366 -3.002441
0 0 False
2.428898 -0.9712894-5.239683 -2.811681 -7 00 0
-0.1806317 -1 False
-7 00 0 2.428898 -0.9712894-5.239683 -2.811681
0 0 False
2.428898 -0.9712894-5.253287 -2.816215 -7 00 0
-0.1253218 -1 False
-7 00 0 2.428898 -0.9712894-5.253287 -2.816215
0 0 False
2.428898 -0.9712894-5.267865 -2.821074 -7 00 0
-0.1253218 -1 False
-7 00 0 2.428898 -0.9712894-5.267865 -2.821074
0 0 False
2.428898 -0.9712894-5.280882 -2.825413 -7 00 0
-0.1253218 -1 False
-7 00 0 2.428898 -0.9712894-5.280882 -2.825413
0 0 False
2.322834 -1.024023-5.303226 -2.636662 -7 00 0
-0.07037022 -1 False
-7 00 0 2.322834 -1.024023-5.303226 -2.636662
0 0 False
2.322834 -1.024023-5.324553 -2.643771 -7 00 0
-0.07037022 -1 False
-7 00 0 2.322834 -1.024023-5.324553 -2.643771
0 0 False
2.322834 -1.024023-5.344859 -2.650539 -7 00 0
-0.07037022 -1 False
-7 00 0 2.322834 -1.024023-5.344859 -2.650539
0 0 False
2.215494 -1.073257-5.366963 -2.461707 -7 00 0
-0.05471469 -1 False
-7 00 0 2.215494 -1.073257-5.366963 -2.461707
0 0 False
2.215494 -1.073257-5.386808 -2.468322 -7 00 0
-0.03125508 -1 False
-7 00 0 2.215494 -1.073257-5.386808 -2.468322
0 0 False
2.215494 -1.073257-5.405055 -2.468322 -7 00 0
-0.03125508 -1 False
-7 00 0 2.215494 -1.073257-5.405055 -2.468322
0 0 False
2.107022 -1.118699-5.423627 -2.272122 -7 00 0
-0.03125508 -1 False
-7 00 0 2.107022 -1.118699-5.423627 -2.272122
0 0 False
2.107022 -1.118699-5.443855 -2.272122 -7 00 0
-0.03125508 -1 False
-7 00 0 2.107022 -1.118699-5.443855 -2.272122
0 0 False
2.107022 -1.118699-5.462037 -2.272122 -7 00 0
-0.01562564 -1 False
-7 00 0 2.107022 -1.118699-5.462037 -2.272122
0 0 False
1.997366 -1.160218-5.482787 -2.075922 -7 00 0
-0.01562564 -1 False
-7 00 0 1.997366 -1.160218-5.482787 -2.075922
0 0 False
1.997366 -1.160218-5.500713 -2.075922 -7 00 0
0 -1 False
-7 00 0 1.997366 -1.160218-5.500713 -2.075922
0 0 False
1.997366 -1.160218-5.520026 -2.075922 -7 00 0
0 -1 False
-7 00 0 1.997366 -1.160218-5.520026 -2.075922
0 0 False
1.886572 -1.197812-5.539702 -1.879722 -7 00 0
0 -1 False
-7 00 0 1.886572 -1.197812-5.539702 -1.879722
0 0 False
1.886572 -1.197812-5.557667 -1.879722 -7 00 0
0 -1 False
-7 00 0 1.886572 -1.197812-5.557667 -1.879722
0 0 False
1.886572 -1.197812-5.575586 -1.879722 -7 00 0
0 -1 False
-7 00 0 1.886572 -1.197812-5.575586 -1.879722
0 0 False
1.886572 -1.197812-5.593615 -1.879722 -7 00 0
0 -1 False
-7 00 0 1.886572 -1.197812-5.593615 -1.879722
0 0 False
1.774331 -1.231483-5.612038 -1.683522 -7 00 0
0.01574772 -1 False
-7 00 0 1.774331 -1.231483-5.612038 -1.683522
0 0 False
1.774331 -1.231483-5.632719 -1.683522 -7 00 0
0.01574772 -1 False
-7 00 0 1.774331 -1.231483-5.632719 -1.683522
0 0 False
1.774331 -1.231483-5.650753 -1.683522 -7 00 0
0.01574772 -1 False
-7 00 0 1.774331 -1.231483-5.650753 -1.683522
0 0 False
1.66094 -1.261229-5.669547 -1.487322 -7 00 0
0.04725875 -1 False
-7 00 0 1.66094 -1.261229-5.669547 -1.487322
0 0 False
1.66094 -1.261229-5.688001 -1.487322 -7 00 0
0.0709209 -1 False
-7 00 0 1.66094 -1.261229-5.688001 -1.487322
0 0 False
1.546296 -1.287051-5.732232 -1.291122 -7 00 0
0.07881632 -1 False
-7 00 0 1.546296 -1.287051-5.732232 -1.291122
0 0 False
1.430803 -1.30895-5.774614 -1.094922 -7 00 0
0.09462206 -1 False
-7 00 0 1.430803 -1.30895-5.774614 -1.094922
0 0 False
1.430803 -1.30895-5.806171 -1.094922 -7 00 0
0.09462206 -1 False
-7 00 0 1.430803 -1.30895-5.806171 -1.094922
0 0 False
1.314141 -1.326924-5.833103 -0.8987224 -7 00 0
0.09462206 -1 False
-7 00 0 1.314141 -1.326924-5.833103 -0.8987224
0 0 False
1.314141 -1.326924-5.856556 -0.8987224 -7 00 0
0.1025333 -1 False
-7 00 0 1.314141 -1.326924-5.856556 -0.8987224
0 0 False
1.314141 -1.326924-5.884534 -0.8987224 -7 00 0
0.1025333 -1 False
-7 00 0 1.314141 -1.326924-5.884534 -0.8987224
0 0 False
1.196133 -1.340975-5.900442 -0.7025224 -7 00 0
0.1025333 -1 False
-7 00 0 1.196133 -1.340975-5.900442 -0.7025224
0 0 False
1.196133 -1.340975-5.922736 -0.7025224 -7 00 0
0.1025333 -1 False
-7 00 0 1.196133 -1.340975-5.922736 -0.7025224
0 0 False
1.196133 -1.340975-5.939408 -0.7025224 -7 00 0
0.1025333 -1 False
-7 00 0 1.196133 -1.340975-5.939408 -0.7025224
0 0 False
1.196133 -1.340975-5.955109 -0.7025224 -7 00 0
0.1025333 -1 False
-7 00 0 1.196133 -1.340975-5.955109 -0.7025224
0 0 False
1.07673 -1.351101-5.970114 -0.5063224 -7 00 0
0.1025333 -1 False
-7 00 0 1.07673 -1.351101-5.970114 -0.5063224
0 0 False
1.07673 -1.351101-5.986176 -0.5063224 -7 00 0
0.1025333 -1 False
-7 00 0 1.07673 -1.351101-5.986176 -0.5063224
0 0 False
1.07673 -1.351101-6.007568 -0.5063224 -7 00 0
0.1025333 -1 False
-7 00 0 1.07673 -1.351101-6.007568 -0.5063224
0 0 False
0.9563087 -1.357304-6.021078 -0.3101224 -7 00 0
0.1025333 -1 False
-7 00 0 0.9563087 -1.357304-6.021078 -0.3101224
0 0 False
0.9563087 -1.357304-6.043576 -0.3101224 -7 00 0
0.1025333 -1 False
-7 00 0 0.9563087 -1.357304-6.043576 -0.3101224
0 0 False
0.9563087 -1.357304-6.064381 -0.3101224 -7 00 0
0.1025333 -1 False
-7 00 0 0.9563087 -1.357304-6.064381 -0.3101224
0 0 False
0.8345934 -1.359582-6.085767 -0.1139224 -7 00 0
0.1025333 -1 False
-7 00 0 0.8345934 -1.359582-6.085767 -0.1139224
0 0 False
0.8345934 -1.359582-6.106229 -0.1139224 -7 00 0
0.1025333 -1 False
-7 00 0 0.8345934 -1.359582-6.106229 -0.1139224
0 0 False
0.8345934 -1.359582-6.127365 -0.1139224 -7 00 0
0.1104507 -1 False
-7 00 0 0.8345934 -1.359582-6.127365 -0.1139224
0 0 False
0.7116069 -1.357937-6.149322 0.08227763 -7 00 0
0.1104507 -1 False
-7 00 0 0.7116069 -1.357937-6.149322 0.08227763
0 0 False
0.7116069 -1.357937-6.167181 0.08227763 -7 00 0
0.1104507 -1 False
-7 00 0 0.7116069 -1.357937-6.167181 0.08227763
0 0 False
0.7116069 -1.357937-6.179076 0.08227763 -7 00 0
0.1104507 -1 False
-7 00 0 0.7116069 -1.357937-6.179076 0.08227763
0 0 False
0.5876176 -1.352367-6.199468 0.2784776 -7 00 0
0.1104507 -1 False
-7 00 0 0.5876176 -1.352367-6.199468 0.2784776
0 0 False
0.5876176 -1.352367-6.22115 0.2784776 -7 00 0
0.1104507 -1 False
-7 00 0 0.5876176 -1.352367-6.22115 0.2784776
0 0 False
0.5876176 -1.352367-6.241131 0.2784776 -7 00 0
0.1104507 -1 False
-7 00 0 0.5876176 -1.352367-6.241131 0.2784776
0 0 False
0.4623751 -1.342873-6.262123 0.4746776 -7 00 0
0.1104507 -1 False
-7 00 0 0.4623751 -1.342873-6.262123 0.4746776
0 0 False
0.4623751 -1.342873-6.283143 0.4746776 -7 00 0
0.1104507 -1 False
-7 00 0 0.4623751 -1.342873-6.283143 0.4746776
0 0 False
0.4623751 -1.342873-6.301141 0.4746776 -7 00 0
0.1104507 -1 False
-7 00 0 0.4623751 -1.342873-6.301141 0.4746776
0 0 False
0.3359815 -1.329456-6.319682 0.6708776 -7 00 0
0.1104507 -1 False
-7 00 0 0.3359815 -1.329456-6.319682 0.6708776
0 0 False
0.3359815 -1.329456-6.340039 0.6708776 -7 00 0
0.1104507 -1 False
-7 00 0 0.3359815 -1.329456-6.340039 0.6708776
0 0 False
0.3359815 -1.329456-6.358145 0.6708776 -7 00 0
0.1104507 -1 False
-7 00 0 0.3359815 -1.329456-6.358145 0.6708776
0 0 False
0.2084022 -1.312114-6.378964 0.8670776 -7 00 0
0.1104507 -1 False
-7 00 0 0.2084022 -1.312114-6.378964 0.8670776
0 0 False
0.2084022 -1.312114-6.397127 0.8670776 -7 00 0
0.1104507 -1 False
-7 00 0 0.2084022 -1.312114-6.397127 0.8670776
0 0 False
0.2084022 -1.312114-6.416051 0.8670776 -7 00 0
0.1104507 -1 False
-7 00 0 0.2084022 -1.312114-6.416051 0.8670776
0 0 False
0.2084022 -1.312114-6.433195 0.8670776 -7 00 0
0.1104507 -1 False
-7 00 0 0.2084022 -1.312114-6.433195 0.8670776
0 0 False
0.07938102 -1.290849-6.451058 1.063278 -7 00 0
0.1104507 -1 False
-7 00 0 0.07938102 -1.290849-6.451058 1.063278
0 0 False
0.07938102 -1.290849-6.470244 1.063278 -7 00 0
0.1104507 -1 False
-7 00 0 0.07938102 -1.290849-6.470244 1.063278
0 0 False
0.07938102 -1.290849-6.486999 1.063278 -7 00 0
0.1104507 -1 False
-7 00 0 0.07938102 -1.290849-6.486999 1.063278
0 0 False
-0.05072828 -1.265659-6.505465 1.259478 -7 00 0
0.1104507 -1 False
-7 00 0 -0.05072828 -1.265659-6.505465 1.259478
0 0 False
-0.05072828 -1.265659-6.528211 1.259478 -7 00 0
0.1183748 -1 False
-7 00 0 -0.05072828 -1.265659-6.528211 1.259478
0 0 False
-0.05072828 -1.265659-6.548218 1.259478 -7 00 0
0.1183748 -1 False
-7 00 0 -0.05072828 -1.265659-6.548218 1.259478
0 0 False
-0.182103 -1.236546-6.568738 1.455678 -7 00 0
0.1183748 -1 False
-7 00 0 -0.182103 -1.236546-6.568738 1.455678
0 0 False
-0.182103 -1.236546-6.589308 1.455678 -7 00 0
0.1183748 -1 False
-7 00 0 -0.182103 -1.236546-6.589308 1.455678
0 0 False
-0.182103 -1.236546-6.610068 1.455678 -7 00 0
0.1183748 -1 False
-7 00 0 -0.182103 -1.236546-6.610068 1.455678
0 0 False
-0.3147211 -1.203508-6.630902 1.651878 -7 00 0
0.1183748 -1 False
-7 00 0 -0.3147211 -1.203508-6.630902 1.651878
0 0 False
-0.3147211 -1.203508-6.65202 1.651878 -7 00 0
0.1183748 -1 False
-7 00 0 -0.3147211 -1.203508-6.65202 1.651878
0 0 False
-0.3147211 -1.203508-6.670735 1.651878 -7 00 0
0.1183748 -1 False
-7 00 0 -0.3147211 -1.203508-6.670735 1.651878
0 0 False
-0.4485379 -1.166547-6.690843 1.848078 -7 00 0
0.1183748 -1 False
-7 00 0 -0.4485379 -1.166547-6.690843 1.848078
0 0 False
-0.4485379 -1.166547-6.71065 1.848078 -7 00 0
0.1183748 -1 False
-7 00 0 -0.4485379 -1.166547-6.71065 1.848078
0 0 False
-0.4485379 -1.166547-6.732805 1.848078 -7 00 0
0.1183748 -1 False
-7 00 0 -0.4485379 -1.166547-6.732805 1.848078
0 0 False
-0.5835591 -1.125661-6.751057 2.044278 -7 00 0
0.1183748 -1 False
-7 00 0 -0.5835591 -1.125661-6.751057 2.044278
0 0 False
-0.5835591 -1.125661-6.769763 2.044278 -7 00 0
0.1183748 -1 False
-7 00 0 -0.5835591 -1.125661-6.769763 2.044278
0 0 False
-0.5835591 -1.125661-6.789841 2.044278 -7 00 0
0.1183748 -1 False
-7 00 0 -0.5835591 -1.125661-6.789841 2.044278
0 0 False
-0.7197171 -1.080851-6.807899 2.240478 -7 00 0
0.1183748 -1 False
-7 00 0 -0.7197171 -1.080851-6.807899 2.240478
0 0 False
-0.7197171 -1.080851-6.825879 2.240478 -7 00 0
0.1183748 -1 False
-7 00 0 -0.7197171 -1.080851-6.825879 2.240478
0 0 False
-0.7197171 -1.080851-6.844391 2.240478 -7 00 0
0.1183748 -1 False
-7 00 0 -0.7197171 -1.080851-6.844391 2.240478
0 0 False
-0.8569635 -1.032118-6.862319 2.436677 -7 00 0
0.1183748 -1 False
-7 00 0 -0.8569635 -1.032118-6.862319 2.436677
0 0 False
-0.8569635 -1.032118-6.882926 2.436677 -7 00 0
0.1183748 -1 False
-7 00 0 -0.8569635 -1.032118-6.882926 2.436677
0 0 False
-0.8569635 -1.032118-6.900751 2.436677 -7 00 0
0.1183748 -1 False
-7 00 0 -0.8569635 -1.032118-6.900751 2.436677
0 0 False
-0.9953563 -0.9794603-6.919641 2.632877 -7 00 0
0.1183748 -1 False
-7 00 0 -0.9953563 -0.9794603-6.919641 2.632877
0 0 False
-0.9953563 -0.9794603-6.936992 2.632877 -7 00 0
0.1183748 -1 False
-7 00 0 -0.9953563 -0.9794603-6.936992 2.632877
0 0 False
-0.9953563 -0.9794603-6.954735 2.632877 -7 00 0
0.1183748 -1 False
-7 00 0 -0.9953563 -0.9794603-6.954735 2.632877
0 0 False
-0.9953563 -0.9794603-6.973327 2.632877 -7 00 0
0.1183748 -1 False
-7 00 0 -0.9953563 -0.9794603-6.973327 2.632877
0 0 False
-1.135172 -0.9228787-6.990782 2.829077 -7 00 0
0.1183748 -1 False
-7 00 0 -1.135172 -0.9228787-6.990782 2.829077
0 0 False
-1.135172 -0.9228787-7.009336 2.829077 -7 00 0
0.1183748 -1 False
-7 00 0 -1.135172 -0.9228787-7.009336 2.829077
0 0 False
-1.135172 -0.9228787-7.029621 2.829077 -7 00 0
0.1183748 -1 False
-7 00 0 -1.135172 -0.9228787-7.029621 2.829077
0 0 False
-1.276133 -0.8623732-7.048051 3.025277 -7 00 0
0.1183748 -1 False
-7 00 0 -1.276133 -0.8623732-7.048051 3.025277
0 0 False
-1.276133 -0.8623732-7.069737 3.025277 -7 00 0
0.1183748 -1 False
-7 00 0 -1.276133 -0.8623732-7.069737 3.025277
0 0 False
-1.276133 -0.8623732-7.089994 3.025277 -7 00 0
0.1183748 -1 False
-7 00 0 -1.276133 -0.8623732-7.089994 3.025277
0 0 False
-1.418353 -0.7979437-7.110984 3.221477 -7 00 0
0.1183748 -1 False
-7 00 0 -1.418353 -0.7979437-7.110984 3.221477
0 0 False
-1.418353 -0.7979437-7.132004 3.221477 -7 00 0
0.1183748 -1 False
-7 00 0 -1.418353 -0.7979437-7.132004 3.221477
0 0 False
-1.418353 -0.7979437-7.150514 3.221477 -7 00 0
0.1183748 -1 False
-7 00 0 -1.418353 -0.7979437-7.150514 3.221477
0 0 False
-1.561725 -0.7295901-7.168642 3.417677 -7 00 0
0.1183748 -1 False
-7 00 0 -1.561725 -0.7295901-7.168642 3.417677
0 0 False
-1.561725 -0.7295901-7.188914 3.417677 -7 00 0
0.1183748 -1 False
-7 00 0 -1.561725 -0.7295901-7.188914 3.417677
0 0 False
-1.561725 -0.7295901-7.20758 3.417677 -7 00 0
0.1104507 -1 False
-1.706163 -0.6573126-7.221866 3.613877 -7 00 0
0.1104507 -1 False
-1.706163 -0.6573126-7.243017 3.613877 -7 00 0
0.09462206 -1 False
-1.706163 -0.6573126-7.264981 3.613877 -7 00 0
0.09462206 -1 False
-1.851927 -0.581111-7.2882 3.810077 -7 00 0
0.09462206 -1 False
-1.851927 -0.581111-7.309027 3.810077 -7 00 0
0.0709209 -1 False
-1.851927 -0.581111-7.330328 3.810077 -7 00 0
0.03149934 -1 False
-1.998955 -0.5009855-7.351427 4.006277 -7 00 0
0.03149934 -1 False
-1.998955 -0.5009855-7.369826 4.006277 -7 00 0
0.03149934 -1 False
-1.998955 -0.5009855-7.390187 4.006277 -7 00 0
0.007873617 -1 False
-2.147112 -0.416936-7.407851 4.202477 -7 00 0
0.007873617 -1 False
-2.147112 -0.416936-7.42922 4.202477 -7 00 0
0 -1 False
-2.296313 -0.3289624-7.460046 4.398676 -7 00 0
0 -1 False
-2.296313 -0.3289624-7.488349 4.398676 -7 00 0
0 -1 False
-2.296313 -0.3289624-7.510086 4.398676 -7 00 0
0 -1 False
-2.446933 -0.2370649-7.530967 4.594876 -7 00 0
-0.05471469 -1 False
-2.446933 -0.2370649-7.548643 4.594876 -7 00 0
-0.05471469 -1 False
-2.446933 -0.2370649-7.567414 4.594876 -7 00 0
-0.1489737 -1 False
-2.598691 -0.1412434-7.587944 4.791076 -7 00 0
-0.1489737 -1 False
-2.598691 -0.1412434-7.605576 4.791076 -7 00 0
-0.1489737 -1 False
-2.598691 -0.1412434-7.624253 4.791076 -7 00 0
-0.1727029 -1 False
-2.751538 -0.04149788-7.642305 4.987276 -7 00 0
-0.1727029 -1 False
-2.751538 -0.04149788-7.660067 4.987276 -7 00 0
-0.1727029 -1 False
-2.751538 -0.04149788-7.681242 4.987276 -7 00 0
-0.1965198 -1 False
-2.905519 0.06217164-7.69908 5.183476 -7 00 0
-0.1965198 -1 False
-2.905519 0.06217164-7.717904 5.158378 -7 00 0
-0.1965198 -1 False
-2.905519 0.06217164-7.7351 5.13545 -7 00 0
-0.2364362 -1 False
-2.905519 0.06217164-7.753039 5.111531 -7 00 0
-0.2364362 -1 False
-3.060954 0.1599801-7.77172 4.890422 -7 00 0
-0.2364362 -1 False
-3.060954 0.1599801-7.789159 4.86717 -7 00 0
-0.2685925 -1 False
-3.060954 0.1599801-7.807108 4.843239 -7 00 0
-0.2685925 -1 False
-3.217464 0.2524301-7.825514 4.622498 -7 00 0
-0.2685925 -1 False
-3.217464 0.2524301-7.846106 4.595042 -7 00 0
-0.3239409 -0.9955257 False
-3.217464 0.2524301-7.865227 4.569547 -7 00 0
-0.381652 -0.9112914 False
-3.375168 0.339364-7.885215 4.346696 -7 00 0
-0.381652 -0.9112914 False
-3.375168 0.339364-7.903046 4.322922 -7 00 0
-0.381652 -0.9112914 False
-3.375168 0.339364-7.922876 4.296481 -7 00 0
-0.4403895 -0.8498744 False
-3.534009 0.4208593-7.942011 4.074768 -7 00 0
-0.4403895 -0.8498744 False
-3.534009 0.4208593-7.960391 4.050261 -7 00 0
-0.4403895 -0.8498744 False
-3.534009 0.4208593-7.972159 4.03457 -7 00 0
-0.4653826 -0.8532015 False
-3.693871 0.4970673-7.993138 3.810398 -7 00 0
-0.4653826 -0.8532015 False
-3.693871 0.4970673-8.014301 3.78218 -7 00 0
-0.4653826 -0.8532015 False
-3.693871 0.4970673-8.035844 3.753457 -7 00 0
-0.4653826 -0.8532015 False
-3.85499 0.5676771-8.055917 3.530492 -7 00 0
-0.4653826 -0.8532015 False
-3.85499 0.5676771-8.077352 3.501913 -7 00 0
-0.488293 -0.8370737 False
-3.85499 0.5676771-8.098019 3.474357 -7 00 0
-0.7898914 -0.8221318 False
-4.01745 0.6325738-8.12301 3.244835 -7 00 0
-0.8570985 -0.7762402 False
-4.181103 0.6935465-8.18268 3.048635 -7 00 0
-0.8570985 -0.7762402 False
-4.181103 0.6935465-8.217516 3.048635 -7 00 0
-0.8543977 -0.4002584 False
-4.34604 0.7505953-8.246821 2.852436 -7 00 0
-0.8543977 -0.4002584 False
-4.34604 0.7505953-8.274472 2.852436 -7 00 0
-0.9112914 -0.381652 False
-4.511955 0.80372-8.295747 2.656236 -7 00 0
-0.9112914 -0.381652 False
-4.511955 0.80372-8.314473 2.656236 -7 00 0
-0.9112914 -0.381652 False
-4.511955 0.80372-8.334349 2.656236 -7 00 0
-0.926937 -0.342733 False
-4.511955 0.80372-8.34902 2.656236 -7 00 0
-0.926937 -0.342733 False
-4.679235 0.8529207-8.363995 2.460036 -7 00 0
-0.926937 -0.342733 False
-4.679235 0.8529207-8.380915 2.460036 -7 00 0
-0.9548655 -0.3208974 False
-4.679235 0.8529207-8.39442 2.460036 -7 00 0
-0.9548655 -0.3208974 False
-4.679235 0.8529207-8.406945 2.460036 -7 00 0
-0.9838781 -0.3069699 False
-4.847681 0.8981974-8.422321 2.263836 -7 00 0
-0.9838781 -0.3069699 False
-4.847681 0.8981974-8.435819 2.263836 -7 00 0
-0.9838781 -0.3069699 False
-4.847681 0.8981974-8.457842 2.263836 -7 00 0
-0.9838781 -0.3069699 False
-4.847681 0.8981974-8.470785 2.263836 -7 00 0
-0.9900426 -0.2592969 False
-5.017493 0.9395502-8.49062 2.067636 -7 00 0
-0.9900426 -0.2592969 False
-5.017493 0.9395502-8.511685 2.067636 -7 00 0
-1 -0.2444558 False
-5.188148 0.9769789-8.532716 1.871436 -7 00 0
-1 -0.2444558 False
-5.188148 0.9769789-8.553582 1.871436 -7 00 0
-1 -0.2444558 False
-5.188148 0.9769789-8.574841 1.871436 -7 00 0
-1 -0.2124514 False
-5.360062 1.010484-8.59572 1.675236 -7 00 0
-1 -0.2124514 False
-5.360062 1.010484-8.614233 1.675236 -7 00 0
-1 -0.2124514 False
-5.360062 1.010484-8.634687 1.675236 -7 00 0
-1 -0.1885705 False
-5.360062 1.010484-8.652635 1.675236 -7 00 0
-1 -0.164784 False
-5.533493 1.040064-8.671533 1.479036 -7 00 0
-1 -0.164784 False
-5.533493 1.040064-8.688388 1.479036 -7 00 0
-1 -0.164784 False
-5.533493 1.040064-8.706431 1.479036 -7 00 0
-1 -0.1489737 False
-5.707989 1.065721-8.724841 1.282836 -7 00 0
-1 -0.1489737 False
-5.707989 1.065721-8.742416 1.282836 -7 00 0
-1 -0.1489737 False
-5.707989 1.065721-8.760734 1.282836 -7 00 0
-1 -0.1489737 False
-5.883618 1.087454-8.781429 1.086636 -7 00 0
-1 -0.1489737 False
-5.883618 1.087454-8.799308 1.086636 -7 00 0
-1 -0.1489737 False
-5.883618 1.087454-8.818276 1.086636 -7 00 0
-1 -0.1489737 False
-6.060328 1.105262-8.835496 0.8904359 -7 00 0
-1 -0.1489737 False
-6.060328 1.105262-8.853568 0.8904359 -7 00 0
-1 -0.1489737 False
-6.060328 1.105262-8.872144 0.8904359 -7 00 0
-1 -0.1489737 False
-6.060328 1.105262-8.889302 0.8904359 -7 00 0
-1 -0.1489737 False
-6.238475 1.119147-8.907375 0.6942359 -7 00 0
-1 -0.1489737 False
-6.238475 1.119147-8.925876 0.6942359 -7 00 0
-1 -0.1489737 False
-6.238475 1.119147-8.943331 0.6942359 -7 00 0
-1 -0.1489737 False
-6.417706 1.129108-8.961535 0.4980359 -7 00 0
-1 -0.1489737 False
-6.417706 1.129108-8.982326 0.4980359 -7 00 0
-1 -0.1489737 False
-6.417706 1.129108-9.000294 0.4980359 -7 00 0
-1 -0.1489737 True
-6.598094 1.135145-9.019406 0.3018359 -7 00 0
-1 -0.1489737 False
-6.598094 1.135145-9.036456 0.3018359 -7 00 0
-1 -0.1489737 False
-6.598094 1.135145-9.054321 0.3018359 -7 00 0
-1 -0.1568744 False
-6.598094 1.135145-9.072866 0.3018359 -7 00 0
-1 -0.1568744 False
-6.779907 1.137257-9.090668 0.1056359 -7 00 0
-1 -0.1568744 False
-6.779907 1.137257-9.108945 0.1056359 -7 00 0
-1 -0.1331979 False
-6.779907 1.137257-9.129358 0.1056359 -7 00 0
-1 -0.1331979 False
-6.962884 1.135446-9.148865 -0.0905641 -7 00 0
-1 -0.1331979 False
-6.962884 1.135446-9.169383 -0.0905641 -7 00 0
-1 -0.1095911 False
-6.962884 1.135446-9.182528 -0.0905641 -7 00 0
-1 -0.1095911 False
-7.146776 1.129711-9.194568 -0.2867641 -7 00 0
-1 -0.05471469 False
-7.146776 1.129711-9.217488 -0.2867641 -7 00 0
-1 -0.05471469 False
-7.146776 1.129711-9.229661 -0.2867641 -7 00 0
-1 -0.05471469 False
-7.331839 1.120052-9.253166 -0.4829641 -7 00 0
-1 0 False
-7.331839 1.120052-9.253166 -0.4829641 -7 00 0
-1 0 False
-7.331839 1.120052-9.253166 -0.4829641 -7 00 0
-1 0.1104507 False
-7.515228 1.106468-9.169434 -0.6791641 -7 00 0
-1 0.1104507 False
-7.515228 1.106468-9.086681 -0.6791641 -7 00 0
-1 0.1104507 False
-7.515228 1.106468-9.003895 -0.6791641 -7 00 0
-0.9799566 0.2607297 False
-7.693634 1.088961-8.920291 -0.8753641 -7 00 0
-0.9799566 0.2607297 False
-7.693634 1.088961-8.848506 -0.8753641 -7 00 0
-0.9799566 0.2607297 False
-7.693634 1.088961-8.772607 -0.8753641 -7 00 0
-0.7963845 0.4707594 False
-7.867481 1.06753-8.692392 -1.071564 -7 00 0
-0.7963845 0.4707594 False
-7.867481 1.06753-8.619898 -1.071564 -7 00 0
-0.4329298 1 False
-7.867481 1.06753-8.535136 -1.071564 -7 00 0
-0.4329298 1 False
-7.867481 1.06753-8.469475 -1.071564 -7 00 0
-0.4329298 1 False
-8.035433 1.042174-8.397581 -1.267764 -7 00 0
-0.3253986 1 False
-8.035433 1.042174-8.309351 -1.267764 -7 00 0
-0.2284271 1 False
-8.035433 1.042174-8.241226 -1.267764 -7 00 0
-0.2284271 1 False
-8.198746 1.012895-8.165638 -1.463964 -7 00 0
-0.2284271 1 False
-8.198746 1.012895-8.096765 -1.463964 -7 00 0
-0.1568728 1 False
-8.198746 1.012895-8.017845 -1.463964 -7 00 0
-0.1568728 1 False
-8.357203 0.9796917-7.922885 -1.660164 -7 00 0
-0.1568728 1 False
-8.357203 0.9796917-7.840296 -1.660164 -7 00 0
-0.1174518 1 False
-8.357203 0.9796917-7.756037 -1.660164 -7 00 0
-0.1174518 1 False
-8.511144 0.9425644-7.697001 -1.856364 -7 00 0
-0.1174518 1 False
-8.511144 0.9425644-7.627522 -1.856364 -7 00 0
-0.06253994 1 False
-8.511144 0.9425644-7.561358 -1.856364 -7 00 0
-0.06253994 1 False
-8.661247 0.9015132-7.50516 -2.052564 -7 00 0
-0.06253994 1 False
-8.661247 0.9015132-7.414442 -2.052564 -7 00 0
-0.03907203 1 False
-8.661247 0.9015132-7.359294 -2.052564 -7 00 0
-0.03125477 1 False
-8.806651 0.8565379-7.270177 -2.248764 -7 00 0
-0.03125477 1 False
-8.806651 0.8565379-7.187026 -2.248764 -7 00 0
-0.03125477 1 False
-8.806651 0.8565379-7.140701 -2.248764 -7 00 0
-0.03125477 1 False
-8.806651 0.8565379-7.049072 -2.248764 -7 00 0
-0.03125477 1 False
-8.946148 0.8076386-6.974838 -2.444964 -7 00 0
-0.02343941 1 False
-8.946148 0.8076386-6.893968 -2.444964 -7 00 0
-0.02343941 1 False
-8.946148 0.8076386-6.823897 -2.444964 -7 00 0
-0.02343941 1 False
-9.080939 0.7548153-6.739579 -2.641164 -7 00 0
-0.02343941 1 False
-9.080939 0.7548153-6.667789 -2.641164 -7 00 0
-0.02343941 1 False
-9.080939 0.7548153-6.594747 -2.641164 -7 00 0
-0.02343941 1 False
-9.211171 0.6980681-6.511611 -2.837364 -7 00 0
-0.02343941 1 False
-9.211171 0.6980681-6.440042 -2.837364 -7 00 0
-0.02343941 1 False
-9.211171 0.6980681-6.364917 -2.837364 -7 00 0
-0.02343941 1 False
-9.337095 0.6373968-6.296201 -3.033564 -7 00 0
-0.02343941 1 False
-9.337095 0.6373968-6.224075 -3.033564 -7 00 0
-0.02343941 1 False
-9.337095 0.6373968-6.140259 -3.033564 -7 00 0
-0.02343941 1 False
-9.458457 0.5728015-6.068099 -3.229764 -7 00 0
-0.02343941 1 False
-9.458457 0.5728015-5.995014 -3.229764 -7 00 0
-0.02343941 1 False
-9.458457 0.5728015-5.912809 -3.229764 -7 00 0
-0.02343941 1 False
-9.458457 0.5728015-5.841058 -3.229764 -7 00 0
-0.02343941 1 False
-9.573768 0.5042822-5.765529 -3.425963 -7 00 0
-0.02343941 1 False
-9.573768 0.5042822-5.690753 -3.425963 -7 00 0
-0.02343941 1 False
